spike/imageio/asciigrid/test/org/geotools/gce/imageio/asciigrid/test-data/testing.asc
ncols 60
nrows 147
xllcorner  122222
yllcorner  45001
cellsize  250.0
NODATA_value  1.70141E38
[rows 0 to 69 of 147, columns 0 to 59 of 60]
-1 -2 -3 -4 -5 6 7 8 9 10 -11 12 -13 14 -15 -16 -17 -18 -19 -20 21 22 23 24 25 -26 27 -28 29 -30 -31 -32 -33 -34 -35 36 37 38 39 40 -41 42 -43 44 -45 -46 -47 -48 -49 -50 51 52 53 54 55 -56 57 -58 59 -60
61 62 63 64 65 66 67 68 69 70 71 72 73 74 75 76 77 78 79 80 81 82 83 84 85 86 87 88 89 90 91 92 93 94 95 96 97 98 99 100 101 102 103 104 105 106 107 108 109 110 111 112 113 114 115 116 117 118 119 120
-121 -122 -123 -124 -125 -126 -127 -128 -129 -130 -131 -132 -133 -134 -135 -136 -137 -138 -139 -140 -141 -142 -143 -144 -145 -146 -147 -148 -149 -150 151 152 153 154 155 156 157 158 159 160 161 162 163 164 165 166 167 168 169 170 171 172 173 174 175 176 177 178 179 180
-1 -2 -3 -4 -5 6 7 8 9 10 -11 12 -13 14 -15 -16 -17 -18 -19 -20 21 22 23 24 25 -26 27 -28 29 -30 -31 -32 -33 -34 -35 36 37 38 39 40 -41 42 -43 44 -45 -46 -47 -48 -49 -50 51 52 53 54 55 -56 57 -58 59 -60
61 62 63 64 65 66 67 68 69 70 71 72 73 74 75 76 77 78 79 80 81 82 83 84 85 86 87 88 89 90 91 92 93 94 95 96 97 98 99 100 101 102 103 104 105 106 107 108 109 110 111 112 113 114 115 116 117 118 119 120
-121 -122 -123 -124 -125 -126 -127 -128 -129 -130 -131 -132 -133 -134 -135 -136 -137 -138 -139 -140 -141 -142 -143 -144 -145 -146 -147 -148 -149 -150 151 152 153 154 155 156 157 158 159 160 161 162 163 164 165 166 167 168 169 170 171 172 173 174 175 176 177 178 179 180.360
-1 -2 -3 -4 -5 6 7 8 9 10 -11 12 -13 14 -15 -16 -17 -18 -19 -20 21 22 23 24 25 -26 27 -28 29 -30 -31 -32 -33 -34 -35 36 37 38 39 40 -41 42 -43 44 -45 -46 -47 -48 -49 -50 51 52 53 54 55 -56 57 -58 59 -60
61 62 63 64 65 66 67 68 69 70 71 72 73 74 75 76 77 78 79 80 81 82 83 84 85 86 87 88 89 90 91 92 93 94 95 96 97 98 99 100 101 102 103 104 105 106 107 108 109 110 111 112 113 114 115 116 117 118 119 120
-121 -122 -123 -124 -125 -126 -127 -128 -129 -130 -131 -132 -133 -134 -135 -136 -137 -138 -139 -140 -141 -142 -143 -144 -145 -146 -147 -148 -149 -150 151 152 153 154 155 156 157 158 159 160 161 162 163 164 165 166 167 168 169 170 171 172 173 174 175 176 177 178 179 180.540
-1 -2 -3 -4 -5 6 7 8 9 10 -11 12 -13 14 -15 -16 -17 -18 -19 -20 21 22 23 24 25 -26 27 -28 29 -30 -31 -32 -33 -34 -35 36 37 38 39 40 -41 42 -43 44 -45 -46 -47 -48 -49 -50 51 52 53 54 55 -56 57 -58 59 -60
61 62 63 64 65 66 67 68 69 70 71 72 73 74 75 76 77 78 79 80 81 82 83 84 85 86 87 88 89 90 91 92 93 94 95 96 97 98 99 100 101 102 103 104 105 106 107 108 109 110 111 112 113 114 115 116 117 118 119 120
-121 -122 -123 -124 -125 -126 -127 -128 -129 -130 -131 -132 -133 -134 -135 -136 -137 -138 -139 -140 -141 -142 -143 -144 -145 -146 -147 -148 -149 -150 151 152 153 154 155 156 157 158 159 160 161 162 163 164 165 166 167 168 169 170 171 172 173 174 175 176 177 178 179 180.720
-1 -2 -3 -4 -5 6 7 8 9 10 -11 12 -13 14 -15 -16 -17 -18 -19 -20 21 22 23 24 25 -26 27 -28 29 -30 -31 -32 -33 -34 -35 36 37 38 39 40 -41 42 -43 44 -45 -46 -47 -48 -49 -50 51 52 53 54 55 -56 57 -58 59 -60
61 62 63 64 65 66 67 68 69 70 71 72 73 74 75 76 77 78 79 80 81 82 83 84 85 86 87 88 89 90 91 92 93 94 95 96 97 98 99 100 101 102 103 104 105 106 107 108 109 110 111 112 113 114 115 116 117 118 119 120
-121 -122 -123 -124 -125 -126 -127 -128 -129 -130 -131 -132 -133 -134 -135 -136 -137 -138 -139 -140 -141 -142 -143 -144 -145 -146 -147 -148 -149 -150 151 152 153 154 155 156 157 158 159 160 161 162 163 164 165 166 167 168 169 170 171 172 173 174 175 176 177 178 179 180.900
-1 -2 -3 -4 -5 6 7 8 9 10 -11 12 -13 14 -15 -16 -17 -18 -19 -20 21 22 23 24 25 -26 27 -28 29 -30 -31 -32 -33 -34 -35 36 37 38 39 40 -41 42 -43 44 -45 -46 -47 -48 -49 -50 51 52 53 54 55 -56 57 -58 59 -60
61 62 63 64 65 66 67 68 69 70 71 72 73 74 75 76 77 78 79 80 81 82 83 84 85 86 87 88 89 90 91 92 93 94 95 96 97 98 99 100 101 102 103 104 105 106 107 108 109 110 111 112 113 114 115 116 117 118 119 120.1020
-121676 -122 -123 -124 -125 -126 -127 -128 -129 -130 -131 -132 -133 -134 -135 -136 -137 -138 -139 -140 -141 -142 -143 -144 -145 -146 -147 -148 -149 -150 151 152 153 154 155 156 157 158 159 160 161 162 163 164 165 166 167 168 169 170 171 172 173 174 175 176 177 178 179 180.1080
-1 -2 -3 -4 -5 6 7 8 9 10 -11 12 -13 14 -15 -16 -17 -18 -19 -20 21 22 23 24 25 -26 27 -28 29 -30 -31 -32 -33 -34 -35 36 37 38 39 40 -41 42 -43 44 -45 -46 -47 -48 -49 -50 51 52 53 54 55 -56 57 -58 59 -60
61 62 63 64 65 66 67 68 69 70 71 72 73 74 75 76 77 78 79 80 81 82 83 84 85 86 87 88 89 90 91 92 93 94 95 96 97 98 99 100 101 102 103 104 105 106 107 108 109 110 111 112 113 114 115 116 117 118 119 120
-121 -122 -123 -124 -125 -126 -127 -128 -129 -130 -131 -132 -133 -134 -135 -136 -137 -138 -139 -140 -141 -142 -143 -144 -145 -146 -147 -148 -149 -150 151 152 153 154 155 156 157 158 159 160 161 162 163 164 165 166 167 168 169 170 171 172 173 174 175 176 177 178 179 180.1260
-1 -2 -3 -4 -5 6 7 8 9 10 -11 12 -13 14 -15 -16 -17 -18 -19 -20 21 22 23 24 25 -26 27 -28 29 -30 -31 -32 -33 -34 -35 36 37 38 39 40 -41 42 -43 44 -45 -46 -47 -48 -49 -50 51 52 53 54 55 -56 57 -58 59 -60
61 62 63 64 65 66 67 68 69 70 71 72 73 74 75 76 77 78 79 80 81 82 83 84 85 86 87 88 89 90 91 92 93 94 95 96 97 98 99 100 101 102 103 104 105 106 107 108 109 110 111 112 113 114 115 116 117 118 119 120
-121 -122 -123 -124 -125 -126 -127 -128 -129 -130 -131 -132 -133 -134 -135 -136 -137 -138 -139 -140 -141 -142 -143 -144 -145 -146 -147 -148 -149 -150 151 152 153 154 155 156 157 158 159 160 161 162 163 164 165 166 167 168 169 170 171 172 173 174 175 176 177 178 179 180.1440
-1 -2 -3 -4 -5 6 7 8 9 10 -11 12 -13 14 -15 -16 -17 -18 -19 -20 21 22 23 24 25 -26 27 -28 29 -30 -31 -32 -33 -34 -35 36 37 38 39 40 -41 42 -43 44 -45 -46 -47 -48 -49 -50 51 52 53 54 55 -56 57 -58 59 -60
61 62 63 64 65 66 67 68 69 70 71 72 73 74 75 76 77 78 79 80 81 82 83 84 85 86 87 88 89 90 91 92 93 94 95 96 97 98 99 100 101 102 103 104 105 106 107 108 109 110 111 112 113 114 115 116 117 118 119 120
-121 -122 -123 -124 -125 -126 -127 -128 -129 -130 -131 -132 -133 -134 -135 -136 -137 -138 -139 -140 -141 -142 -143 -144 -145 -146 -147 -148 -149 -150 151 152 153 154 155 156 157 158 159 160 161 162 163 164 165 166 167 168 169 170 171 172 173 174 175 176 177 178 179 180.1620
-1 -2 -3 -4 -5 6 7 8 9 10 -11 12 -13 14 -15 -16 -17 -18 -19 -20 21 22 23 24 25 -26 27 -28 29 -30 -31 -32 -33 -34 -35 36 37 38 39 40 -41 42 -43 44 -45 -46 -47 -48 -49 -50 51 52 53 54 55 -56 57 -58 59 -60
61 62 63 64 65 66 67 68 69 70 71 72 73 74 75 76 77 78 79 80 81 82 83 84 85 86 87 88 89 90 91 92 93 94 95 96 97 98 99 100 101 102 103 104 105 106 107 108 109 110 111 112 113 114 115 116 117 118 119 120
-121 -122 -123 -124 -125 -126 -127 -128 -129 -130 -131 -132 -133 -134 -135 -136 -137 -138 -139 -140 -141 -142 -143 -144 -145 -146 -147 -148 -149 -150 151 152 153 154 155 156 157 158 159 160 161 162 163 164 165 166 167 168 169 170 171 172 173 174 175 176 177 178 179 180.1800
-1 -2 -3 -4 -5 6 7 8 9 10 -11 12 -13 14 -15 -16 -17 -18 -19 -20 21 22 23 24 25 -26 27 -28 29 -30 -31 -32 -33 -34 -35 36 37 38 39 40 -41 42 -43 44 -45 -46 -47 -48 -49 -50 51 52 53 54 55 -56 57 -58 59 -60
61 62 63 64 65 66 67 68 69 70 71 72 73 74 75 76 77 78 79 80 81 82 83 84 85 86 87 88 89 90 91 92 93 94 95 96 97 98 99 100 101 102 103 104 105 106 107 108 109 110 111 112 113 114 115 116 117 118 119 120
-121 -122 -123 -124 -125 -126 -127 -128 -129 -130 -131 -132 -133 -134 -135 -136 -137 -138 -139 -140 -141 -142 -143 -144 -145 -146 -147 -148 -149 -150 151 152 153 154 155 156 157 158 159 160 161 162 163 164 165 166 167 168 169 170 171 172 173 174 175 176 177 178 179 180.1980
-17558585 -2 -3 -4 -5 6 7 8 9 10 -11 12 -13 14 -15 -16 -17 -18 -19 -20 21 22 23 24 25 -26 27 -28 29 -30 -31 -32 -33 -34 -35 36 37 38 39 40 -41 42 -43 44 -45 -46 -47 -48 -49 -50 51 52 53 54 55 -56 57 -58 59 -60.2040
6158585 62 63 64 65 66 67 68 69 70 71 72 73 74 75 76 77 78 79 80 81 82 83 84 85 86 87 88 89 90 91 92 93 94 95 96 97 98 99 100 101 102 103 104 105 106 107 108 109 110 111 112 113 114 115 116 117 118 119 120
-121 -122 -123 -124 -125 -126 -127 -128 -129 -130 -131 -132 -133 -134 -135 -136 -137 -138 -139 -140 -141 -142 -143 -144 -145 -146 -147 -148 -149 -150 151 152 153 154 155 156 157 158 159 160 161 162 163 164 165 166 167 168 169 170 171 172 173 174 175 176 177 178 179 180.2160
-1 -2 -3 -4 -5 6 7 8 9 10 -11 12 -13 14 -15 -16 -17 -18 -19 -20 21 22 23 24 25 -26 27 -28 29 -30 -31 -32 -33 -34 -35 36 37 38 39 40 -41 42 -43 44 -45 -46 -47 -48 -49 -50 51 52 53 54 55 -56 57 -58 59 -60
61 62 63 64 65 66 67 68 69 70 71 72 73 74 75 76 77 78 79 80 81 82 83 84 85 86 87 88 89 90 91 92 93 94 95 96 97 98 99 100 101 102 103 104 105 106 107 108 109 110 111 112 113 114 115 116 117 118 119 120
-121 -122 -123 -124 -125 -126 -127 -128 -129 -130 -131 -132 -133 -134 -135 -136 -137 -138 -139 -140 -141 -142 -143 -144 -145 -146 -147 -148 -149 -150 151 152 153 154 155 156 157 158 159 160 161 162 163 164 165 166 167 168 169 170 171 172 173 174 175 176 177 178 179 180.2340
-1 -2 -3 -4 -5 6 7 8 9 10 -11 12 -13 14 -15 -16 -17 -18 -19 -20 21 22 23 24 25 -26 27 -28 29 -30 -31 -32 -33 -34 -35 36 37 38 39 40 -41 42 -43 44 -45 -46 -47 -48 -49 -50 51 52 53 54 55 -56 57 -58 59 -60
61 62 63 64 65 66 67 68 69 70 71 72 73 74 75 76 77 78 79 80 81 82 83 84 85 86 87 88 89 90 91 92 93 94 95 96 97 98 99 100 101 102 103 104 105 106 107 108 109 110 111 112 113 114 115 116 117 118 119 120
-121 -122 -123 -124 -125 -126 -127 -128 -129 -130 -131 -132 -133 -134 -135 -136 -137 -138 -139 -140 -141 -142 -143 -144 -145 -146 -147 -148 -149 -150 151 152 153 154 155 156 157 158 159 160 161 162 163 164 165 166 167 168 169 170 171 172 173 174 175 176 177 178 179 180.2520
-1 -2 -3 -4 -5 6 7 8 9 10 -11 12 -13 14 -15 -16 -17 -18 -19 -20 21 22 23 24 25 -26 27 -28 29 -30 -31 -32 -33 -34 -35 36 37 38 39 40 -41 42 -43 44 -45 -46 -47 -48 -49 -50 51 52 53 54 55 -56 57 -58 59 -60
61 62 63 64 65 66 67 68 69 70 71 72 73 74 75 76 77 78 79 80 81 82 83 84 85 86 87 88 89 90 91 92 93 94 95 96 97 98 99 100 101 102 103 104 105 106 107 108 109 110 111 112 113 114 115 116 117 118 119 120
-121 -122 -123 -124 -125 -126 -127 -128 -129 -130 -131 -132 -133 -134 -135 -136 -137 -138 -139 -140 -141 -142 -143 -144 -145 -146 -147 -148 -149 -150 151 152 153 154 155 156 157 158 159 160 161 162 163 164 165 166 167 168 169 170 171 172 173 174 175 176 177 178 179 180.2700
-1 -2 -3 -4 -5 6 7 8 9 10 -11 12 -13 14 -15 -16 -17 -18 -19 -20 21 22 23 24 25 -26 27 -28 29 -30 -31 -32 -33 -34 -35 36 37 38 39 40 -41 42 -43 44 -45 -46 -47 -48 -49 -50 51 52 53 54 55 -56 57 -58 59 -60
61 62 63 64 65 66 67 68 69 70 71 72 73 74 75 76 77 78 79 80 81 82 83 84 85 86 87 88 89 90 91 92 93 94 95 96 97 98 99 100 101 102 103 104 105 106 107 108 109 110 111 112 113 114 115 116 117 118 119 120
-121 -122 -123 -124 -125 -126 -127 -128 -129 -130 -131 -132 -133 -134 -135 -136 -137 -138 -139 -140 -141 -142 -143 -144 -145 -146 -147 -148 -149 -150 151 152 153 154 155 156 157 158 159 160 161 162 163 164 165 166 167 168 169 170 171 172 173 174 175 176 177 178 179 180.2880
-1 -2 -3 -4 -5 6 7 8 9 10 -11 12 -13 14 -15 -16 -17 -18 -19 -20 21 22 23 24 25 -26 27 -28 29 -30 -31 -32 -33 -34 -35 36 37 38 39 40 -41 42 -43 44 -45 -46 -47 -48 -49 -50 51 52 53 54 55 -56 57 -58 59 -60
61 62 63 64 65 66 67 68 69 70 71 72 73 74 75 76 77 78 79 80 81 82 83 84 85 86 87 88 89 90 91 92 93 94 95 96 97 98 99 100 101 102 103 104 105 106 107 108 109 110 111 112 113 114 115 116 117 118 119 120
-12177 -122 -123 -124 -125 -126 -127 -128 -129 -130 -131 -132 -133 -134 -135 -136 -137 -138 -139 -140 -141 -142 -143 -144 -145 -146 -147 -148 -149 -150 151 152 153 154 155 156 157 158 159 160 161 162 163 164 165 166 167 168 169 170 171 172 173 174 175 176 177 178 179 180.3060
-177777 -2 -3 -4 -5 6 7 8 9 10 -11 12 -13 14 -15 -16 -17 -18 -19 -20 21 22 23 24 25 -26 27 -28 29 -30 -31 -32 -33 -34 -35 36 37 38 39 40 -41 42 -43 44 -45 -46 -47 -48 -49 -50 51 52 53 54 55 -56 57 -58 59 -60
61 62 63 64 65 66 67 68 69 70 71 72 73 74 75 76 77 78 79 80 81 82 83 84 85 86 87 88 89 90 91 92 93 94 95 96 97 98 99 100 101 102 103 104 105 106 107 108 109 110 111 112 113 114 115 116 117 118 119 120
-121 -122 -123 -124 -125 -126 -127 -128 -129 -130 -131 -132 -133 -134 -135 -136 -137 -138 -139 -140 -141 -142 -143 -144 -145 -146 -147 -148 -149 -150 151 152 153 154 155 156 157 158 159 160 161 162 163 164 165 166 167 168 169 170 171 172 173 174 175 176 177 178 179 180.3240
-1 -2 -3 -4 -5 6 7 8 9 10 -11 12 -13 14 -15 -16 -17 -18 -19 -20 21 22 23 24 25 -26 27 -28 29 -30 -31 -32 -33 -34 -35 36 37 38 39 40 -41 42 -43 44 -45 -46 -47 -48 -49 -50 51 52 53 54 55 -56 57 -58 59 -60
61 62 63 64 65 66 67 68 69 70 71 72 73 74 75 76 77 78 79 80 81 82 83 84 85 86 87 88 89 90 91 92 93 94 95 96 97 98 99 100 101 102 103 104 105 106 107 108 109 110 111 112 113 114 115 116 117 118 119 120
-121 -122 -123 -124 -125 -126 -127 -128 -129 -130 -131 -132 -133 -134 -135 -136 -137 -138 -139 -140 -141 -142 -143 -144 -145 -146 -147 -148 -149 -150 151 152 153 154 155 156 157 158 159 160 161 162 163 164 165 166 167 168 169 170 171 172 173 174 175 176 177 178 179 180.3420
-1 -2 -3 -4 -5 6 7 8 9 10 -11 12 -13 14 -15 -16 -17 -18 -19 -20 21 22 23 24 25 -26 27 -28 29 -30 -31 -32 -33 -34 -35 36 37 38 39 40 -41 42 -43 44 -45 -46 -47 -48 -49 -50 51 52 53 54 55 -56 57 -58 59 -60
61 62 63 64 65 66 67 68 69 70 71 72 73 74 75 76 77 78 79 80 81 82 83 84 85 86 87 88 89 90 91 92 93 94 95 96 97 98 99 100 101 102 103 104 105 106 107 108 109 110 111 112 113 114 115 116 117 118 119 120
-121 -122 -123 -124 -125 -126 -127 -128 -129 -130 -131 -132 -133 -134 -135 -136 -137 -138 -139 -140 -141 -142 -143 -144 -145 -146 -147 -148 -149 -150 151 152 153 154 155 156 157 158 159 160 161 162 163 164 165 166 167 168 169 170 171 172 173 174 175 176 177 178 179 180.3600
-1 -2 -3 -4 -5 6 7 8 9 10 -11 12 -13 14 -15 -16 -17 -18 -19 -20 21 22 23 24 25 -26 27 -28 29 -30 -31 -32 -33 -34 -35 36 37 38 39 40 -41 42 -43 44 -45 -46 -47 -48 -49 -50 51 52 53 54 55 -56 57 -58 59 -60
61 62 63 64 65 66 67 68 69 70 71 72 73 74 75 76 77 78 79 80 81 82 83 84 85 86 87 88 89 90 91 92 93 94 95 96 97 98 99 100 101 102 103 104 105 106 107 108 109 110 111 112 113 114 115 116 117 118 119 120
-121 -122 -123 -124 -125 -126 -127 -128 -129 -130 -131 -132 -133 -134 -135 -136 -137 -138 -139 -140 -141 -142 -143 -144 -145 -146 -147 -148 -149 -150 151 152 153 154 155 156 157 158 159 160 161 162 163 164 165 166 167 168 169 170 171 172 173 174 175 176 177 178 179 180.3780
-1 -2 -3 -4 -5 6 7 8 9 10 -11 12 -13 14 -15 -16 -17 -18 -19 -20 21 22 23 24 25 -26 27 -28 29 -30 -31 -32 -33 -34 -35 36 37 38 39 40 -41 42 -43 44 -45 -46 -47 -48 -49 -50 51 52 53 54 55 -56 57 -58 59 -60
61 62 63 64 65 66 67 68 69 70 71 72 73 74 75 76 77 78 79 80 81 82 83 84 85 86 87 88 89 90 91 92 93 94 95 96 97 98 99 100 101 102 103 104 105 106 107 108 109 110 111 112 113 114 115 116 117 118 119 120
-121 -122 -123 -124 -125 -126 -127 -128 -129 -130 -131 -132 -133 -134 -135 -136 -137 -138 -139 -140 -141 -142 -143 -144 -145 -146 -147 -148 -149 -150 151 152 153 154 155 156 157 158 159 160 161 162 163 164 165 166 167 168 169 170 171 172 173 174 175 176 177 178 179 180.3960
-1 -2 -3 -4 -5 6 7 8 9 10 -11 12 -13 14 -15 -16 -17 -18 -19 -20 21 22 23 24 25 -26 27 -28 29 -30 -31 -32 -33 -34 -35 36 37 38 39 40 -41 42 -43 44 -45 -46 -47 -48 -49 -50 51 52 53 54 55 -56 57 -58 59 -60
61 62 63 64 65 66 67 68 69 70 71 72 73 74 75 76 77 78 79 80 81 82 83 84 85 86 87 88 89 90 91 92 93 94 95 96 97 98 99 100 101 102 103 104 105 106 107 108 109 110 111 112 113 114 115 116 117 118 119 120.4080
-1216543 -122 -123 -124 -125 -126 -127 -128 -129 -130 -131 -132 -133 -134 -135 -136 -137 -138 -139 -140 -141 -142 -143 -144 -145 -146 -147 -148 -149 -150 151 152 153 154 155 156 157 158 159 160 161 162 163 164 165 166 167 168 169 170 171 172 173 174 175 176 177 178 179 180.4140
-1 -2 -3 -4 -5 6 7 8 9 10 -11 12 -13 14 -15 -16 -17 -18 -19 -20 21 22 23 24 25 -26 27 -28 29 -30 -31 -32 -33 -34 -35 36 37 38 39 40 -41 42 -43 44 -45 -46 -47 -48 -49 -50 51 52 53 54 55 -56 57 -58 59 -60
