spike/imageio/asciigrid/test/org/geotools/gce/imageio/asciigrid/test-data/testing.asc
ncols 60
nrows 147
xllcorner  122222
yllcorner  45001
cellsize  250.0
NODATA_value  1.70141E38
[rows 70 to 139 of 147, columns 0 to 59 of 60]
61 62 63 64 65 66 67 68 69 70 71 72 73 74 75 76 77 78 79 80 81 82 83 84 85 86 87 88 89 90 91 92 93 94 95 96 97 98 99 100 101 102 103 104 105 106 107 108 109 110 111 112 113 114 115 116 117 118 119 120.4260
-121 -122 -123 -124 -125 -126 -127 -128 -129 -130 -131 -132 -133 -134 -135 -136 -137 -138 -139 -140 -141 -142 -143 -144 -145 -146 -147 -148 -149 -150 151 152 153 154 155 156 157 158 159 160 161 162 163 164 165 166 167 168 169 170 171 172 173 174 175 176 177 178 179 180.4320
-1 -2 -3 -4 -5 6 7 8 9 10 -11 12 -13 14 -15 -16 -17 -18 -19 -20 21 22 23 24 25 -26 27 -28 29 -30 -31 -32 -33 -34 -35 36 37 38 39 40 -41 42 -43 44 -45 -46 -47 -48 -49 -50 51 52 53 54 55 -56 57 -58 59 -60
61 62 63 64 65 66 67 68 69 70 71 72 73 74 75 76 77 78 79 80 81 82 83 84 85 86 87 88 89 90 91 92 93 94 95 96 97 98 99 100 101 102 103 104 105 106 107 108 109 110 111 112 113 114 115 116 117 118 119 120.4440
-121 -122 -123 -124 -125 -126 -127 -128 -129 -130 -131 -132 -133 -134 -135 -136 -137 -138 -139 -140 -141 -142 -143 -144 -145 -146 -147 -148 -149 -150 151 152 153 154 155 156 157 158 159 160 161 162 163 164 165 166 167 168 169 170 171 172 173 174 175 176 177 178 179 180.4500
-1 -2 -3 -4 -5 6 7 8 9 10 -11 12 -13 14 -15 -16 -17 -18 -19 -20 21 22 23 24 25 -26 27 -28 29 -30 -31 -32 -33 -34 -35 36 37 38 39 40 -41 42 -43 44 -45 -46 -47 -48 -49 -50 51 52 53 54 55 -56 57 -58 59 -60
61 62 63 64 65 66 67 68 69 70 71 72 73 74 75 76 77 78 79 80 81 82 83 84 85 86 87 88 89 90 91 92 93 94 95 96 97 98 99 100 101 102 103 104 105 106 107 108 109 110 111 112 113 114 115 116 117 118 119 120.4620
-121 -122 -123 -124 -125 -126 -127 -128 -129 -130 -131 -132 -133 -134 -135 -136 -137 -138 -139 -140 -141 -142 -143 -144 -145 -146 -147 -148 -149 -150 151 152 153 154 155 156 157 158 159 160 161 162 163 164 165 166 167 168 169 170 171 172 173 174 175 176 177 178 179 180.4680
-1 -2 -3 -4 -5 6 7 8 9 10 -11 12 -13 14 -15 -16 -17 -18 -19 -20 21 22 23 24 25 -26 27 -28 29 -30 -31 -32 -33 -34 -35 36 37 38 39 40 -41 42 -43 44 -45 -46 -47 -48 -49 -50 51 52 53 54 55 -56 57 -58 59 -60
61 62 63 64 65 66 67 68 69 70 71 72 73 74 75 76 77 78 79 80 81 82 83 84 85 86 87 88 89 90 91 92 93 94 95 96 97 98 99 100 101 102 103 104 105 106 107 108 109 110 111 112 113 114 115 116 117 118 119 120.4800
-121 -122 -123 -124 -125 -126 -127 -128 -129 -130 -131 -132 -133 -134 -135 -136 -137 -138 -139 -140 -141 -142 -143 -144 -145 -146 -147 -148 -149 -150 151 152 153 154 155 156 157 158 159 160 161 162 163 164 165 166 167 168 169 170 171 172 173 174 175 176 177 178 179 180.4860
-1 -2 -3 -4 -5 6 7 8 9 10 -11 12 -13 14 -15 -16 -17 -18 -19 -20 21 22 23 24 25 -26 27 -28 29 -30 -31 -32 -33 -34 -35 36 37 38 39 40 -41 42 -43 44 -45 -46 -47 -48 -49 -50 51 52 53 54 55 -56 57 -58 59 -60
61 62 63 64 65 66 67 68 69 70 71 72 73 74 75 76 77 78 79 80 81 82 83 84 85 86 87 88 89 90 91 92 93 94 95 96 97 98 99 100 101 102 103 104 105 106 107 108 109 110 111 112 113 114 115 116 117 118 119 120.4980
-121 -122 -123 -124 -125 -126 -127 -128 -129 -130 -131 -132 -133 -134 -135 -136 -137 -138 -139 -140 -141 -142 -143 -144 -145 -146 -147 -148 -149 -150 151 152 153 154 155 156 157 158 159 160 161 162 163 164 165 166 167 168 169 170 171 172 173 174 175 176 177 178 179 180.5040
-1 -2 -3 -4 -5 6 7 8 9 10 -11 12 -13 14 -15 -16 -17 -18 -19 -20 21 22 23 24 25 -26 27 -28 29 -30 -31 -32 -33 -34 -35 36 37 38 39 40 -41 42 -43 44 -45 -46 -47 -48 -49 -50 51 52 53 54 55 -56 57 -58 59 -60.5100
6177777 62 63 64 65 66 67 68 69 70 71 72 73 74 75 76 77 78 79 80 81 82 83 84 85 86 87 88 89 90 91 92 93 94 95 96 97 98 99 100 101 102 103 104 105 106 107 108 109 110 111 112 113 114 115 116 117 118 119 120.5160
-121 -122 -123 -124 -125 -126 -127 -128 -129 -130 -131 -132 -133 -134 -135 -136 -137 -138 -139 -140 -141 -142 -143 -144 -145 -146 -147 -148 -149 -150 151 152 153 154 155 156 157 158 159 160 161 162 163 164 165 166 167 168 169 170 171 172 173 174 175 176 177 178 179 180.5220
-1 -2 -3 -4 -5 6 7 8 9 10 -11 12 -13 14 -15 -16 -17 -18 -19 -20 21 22 23 24 25 -26 27 -28 29 -30 -31 -32 -33 -34 -35 36 37 38 39 40 -41 42 -43 44 -45 -46 -47 -48 -49 -50 51 52 53 54 55 -56 57 -58 59 -60
61 62 63 64 65 66 67 68 69 70 71 72 73 74 75 76 77 78 79 80 81 82 83 84 85 86 87 88 89 90 91 92 93 94 95 96 97 98 99 100 101 102 103 104 105 106 107 108 109 110 111 112 113 114 115 116 117 118 119 120.5340
-121 -122 -123 -124 -125 -126 -127 -128 -129 -130 -131 -132 -133 -134 -135 -136 -137 -138 -139 -140 -141 -142 -143 -144 -145 -146 -147 -148 -149 -150 151 152 153 154 155 156 157 158 159 160 161 162 163 164 165 166 167 168 169 170 171 172 173 174 175 176 177 178 179 180.5400
-1 -2 -3 -4 -5 6 7 8 9 10 -11 12 -13 14 -15 -16 -17 -18 -19 -20 21 22 23 24 25 -26 27 -28 29 -30 -31 -32 -33 -34 -35 36 37 38 39 40 -41 42 -43 44 -45 -46 -47 -48 -49 -50 51 52 53 54 55 -56 57 -58 59 -60.5460
61 62 63 64 65 66 67 68 69 70 71 72 73 74 75 76 77 78 79 80 81 82 83 84 85 86 87 88 89 90 91 92 93 94 95 96 97 98 99 100 101 102 103 104 105 106 107 108 109 110 111 112 113 114 115 116 117 118 119 120
-121 -122 -123 -124 -125 -126 -127 -128 -129 -130 -131 -132 -133 -134 -135 -136 -137 -138 -139 -140 -141 -142 -143 -144 -145 -146 -147 -148 -149 -150 151 152 153 154 155 156 157 158 159 160 161 162 163 164 165 166 167 168 169 170 171 172 173 174 175 176 177 178 179 180.5580
-1 -2 -3 -4 -5 6 7 8 9 10 -11 12 -13 14 -15 -16 -17 -18 -19 -20 21 22 23 24 25 -26 27 -28 29 -30 -31 -32 -33 -34 -35 36 37 38 39 40 -41 42 -43 44 -45 -46 -47 -48 -49 -50 51 52 53 54 55 -56 57 -58 59 -60.5640
61 62 63 64 65 66 67 68 69 70 71 72 73 74 75 76 77 78 79 80 81 82 83 84 85 86 87 88 89 90 91 92 93 94 95 96 97 98 99 100 101 102 103 104 105 106 107 108 109 110 111 112 113 114 115 116 117 118 119 120.5700
-121 -122 -123 -124 -125 -126 -127 -128 -129 -130 -131 -132 -133 -134 -135 -136 -137 -138 -139 -140 -141 -142 -143 -144 -145 -146 -147 -148 -149 -150 151 152 153 154 155 156 157 158 159 160 161 162 163 164 165 166 167 168 169 170 171 172 173 174 175 176 177 178 179 180.5760
-1 -2 -3 -4 -5 6 7 8 9 10 -11 12 -13 14 -15 -16 -17 -18 -19 -20 21 22 23 24 25 -26 27 -28 29 -30 -31 -32 -33 -34 -35 36 37 38 39 40 -41 42 -43 44 -45 -46 -47 -48 -49 -50 51 52 53 54 55 -56 57 -58 59 -60
61 62 63 64 65 66 67 68 69 70 71 72 73 74 75 76 77 78 79 80 81 82 83 84 85 86 87 88 89 90 91 92 93 94 95 96 97 98 99 100 101 102 103 104 105 106 107 108 109 110 111 112 113 114 115 116 117 118 119 120.5880
-121 -122 -123 -124 -125 -126 -127 -128 -129 -130 -131 -132 -133 -134 -135 -136 -137 -138 -139 -140 -141 -142 -143 -144 -145 -146 -147 -148 -149 -150 151 152 153 154 155 156 157 158 159 160 161 162 163 164 165 166 167 168 169 170 171 172 173 174 175 176 177 178 179 180
-1 -2 -3 -4 -5 6 7 8 9 10 -11 12 -13 14 -15 -16 -17 -18 -19 -20 21 22 23 24 25 -26 27 -28 29 -30 -31 -32 -33 -34 -35 36 37 38 39 40 -41 42 -43 44 -45 -46 -47 -48 -49 -50 51 52 53 54 55 -56 57 -58 59 -60.6000
61 62 63 64 65 66 67 68 69 70 71 72 73 74 75 76 77 78 79 80 81 82 83 84 85 86 87 88 89 90 91 92 93 94 95 96 97 98 99 100 101 102 103 104 105 106 107 108 109 110 111 112 113 114 115 116 117 118 119 120
-121 -122 -123 -124 -125 -126 -127 -128 -129 -130 -131 -132 -133 -134 -135 -136 -137 -138 -139 -140 -141 -142 -143 -144 -145 -146 -147 -148 -149 -150 151 152 153 154 155 156 157 158 159 160 161 162 163 164 165 166 167 168 169 170 171 172 173 174 175 176 177 178 179 180.6120
-1874857 -2 -3 -4 -5 6 7 8 9 10 -11 12 -13 14 -15 -16 -17 -18 -19 -20 21 22 23 24 25 -26 27 -28 29 -30 -31 -32 -33 -34 -35 36 37 38 39 40 -41 42 -43 44 -45 -46 -47 -48 -49 -50 51 52 53 54 55 -56 57 -58 59 -60
61 62 63 64 65 66 67 68 69 70 71 72 73 74 75 76 77 78 79 80 81 82 83 84 85 86 87 88 89 90 91 92 93 94 95 96 97 98 99 100 101 102 103 104 105 106 107 108 109 110 111 112 113 114 115 116 117 118 119 120.6240
-121 -122 -123 -124 -125 -126 -127 -128 -129 -130 -131 -132 -133 -134 -135 -136 -137 -138 -139 -140 -141 -142 -143 -144 -145 -146 -147 -148 -149 -150 151 152 153 154 155 156 157 158 159 160 161 162 163 164 165 166 167 168 169 170 171 172 173 174 175 176 177 178 179 180
-1 -2 -3 -4 -5 6 7 8 9 10 -11 12 -13 14 -15 -16 -17 -18 -19 -20 21 22 23 24 25 -26 27 -28 29 -30 -31 -32 -33 -34 -35 36 37 38 39 40 -41 42 -43 44 -45 -46 -47 -48 -49 -50 51 52 53 54 55 -56 57 -58 59 -60.6360
61 62 63 64 65 66 67 68 69 70 71 72 73 74 75 76 77 78 79 80 81 82 83 84 85 86 87 88 89 90 91 92 93 94 95 96 97 98 99 100 101 102 103 104 105 106 107 108 109 110 111 112 113 114 115 116 117 118 119 120
-121 -122 -123 -124 -125 -126 -127 -128 -129 -130 -131 -132 -133 -134 -135 -136 -137 -138 -139 -140 -141 -142 -143 -144 -145 -146 -147 -148 -149 -150 151 152 153 154 155 156 157 158 159 160 161 162 163 164 165 166 167 168 169 170 171 172 173 174 175 176 177 178 179 180.6480
-1 -2 -3 -4 -5 6 7 8 9 10 -11 12 -13 14 -15 -16 -17 -18 -19 -20 21 22 23 24 25 -26 27 -28 29 -30 -31 -32 -33 -34 -35 36 37 38 39 40 -41 42 -43 44 -45 -46 -47 -48 -49 -50 51 52 53 54 55 -56 57 -58 59 -60
61 62 63 64 65 66 67 68 69 70 71 72 73 74 75 76 77 78 79 80 81 82 83 84 85 86 87 88 89 90 91 92 93 94 95 96 97 98 99 100 101 102 103 104 105 106 107 108 109 110 111 112 113 114 115 116 117 118 119 120
-121 -122 -123 -124 -125 -126 -127 -128 -129 -130 -131 -132 -133 -134 -135 -136 -137 -138 -139 -140 -141 -142 -143 -144 -145 -146 -147 -148 -149 -150 151 152 153 154 155 156 157 158 159 160 161 162 163 164 165 166 167 168 169 170 171 172 173 174 175 176 177 178 179 180
-1 -2 -3 -4 -5 6 7 8 9 10 -11 12 -13 14 -15 -16 -17 -18 -19 -20 21 22 23 24 25 -26 27 -28 29 -30 -31 -32 -33 -34 -35 36 37 38 39 40 -41 42 -43 44 -45 -46 -47 -48 -49 -50 51 52 53 54 55 -56 57 -58 59 -60
61 62 63 64 65 66 67 68 69 70 71 72 73 74 75 76 77 78 79 80 81 82 83 84 85 86 87 88 89 90.6780 91 92 93 94 95 96 97 98 99 100 101 102 103 104 105 106 107 108 109 110 111 112 113 114 115 116 117 118 119 120
-121 -122 -123 -124 -125 -126 -127 -128 -129 -130 -131 -132 -133 -134 -135 -136 -137 -138 -139 -140 -141 -142 -143 -144 -145 -146 -147 -148 -149 -150 151 152 153 154 155 156 157 158 159 160 161 162 163 164 165 166 167 168 169 170 171 172 173 174 175 176 177 178 179 180
-1 -2 -3 -4 -5 6 7 8 9 10 -11 12 -13 14 -15 -16 -17 -18 -19 -20 21 22 23 24 25 -26 27 -28 29 -30 -31 -32 -33 -34 -35 36 37 38 39 40 -41 42 -43 44 -45 -46 -47 -48 -49 -50 51 52 53 54 55 -56 57 -58 59 -60.6900
61 62 63 64 65 66 67 68 69 70 71 72 73 74 75 76 77 78 79 80 81 82 83 84 85 86 87 88 89 90 91 92 93 94 95 96 97 98 99 100 101 102 103 104 105 106 107 108 109 110 111 112 113 114 115 116 117 118 119 120
-121 -122 -123 -124 -125 -126 -127 -128 -129 -130 -131 -132 -133 -134 -135 -136 -137 -138 -139 -140 -141 -142 -143 -144 -145 -146 -147 -148 -149 -150 151 152 153 154 155 156 157 158 159 160 161 162 163 164 165 166 167 168 169 170 171 172 173 174 175 176 177 178 179 180.7020
-1 -2 -3 -4 -5 6 7 8 9 10 -11 12 -13 14 -15 -16 -17 -18 -19 -20 21 22 23 24 25 -26 27 -28 29 -30 -31 -32 -33 -34 -35 36 37 38 39 40 -41 42 -43 44 -45 -46 -47 -48 -49 -50 51 52 53 54 55 -56 57 -58 59 -60
61 62 63 64 65 66 67 68 69 70 71 72 73 74 75 76 77 78 79 80 81 82 83 84 85 86 87 88 89 90 91 92 93 94 95 96 97 98 99 100 101 102 103 104 105 106 107 108 109 110 111 112 113 114 115 116 117 118 119 120.7140
-121320 -122 -123 -124 -125 -126 -127 -128 -129 -130 -131 -132 -133 -134 -135 -136 -137 -138 -139 -140 -141 -142 -143 -144 -145 -146 -147 -148 -149 -150 151 152 153 154 155 156 157 158 159 160 161 162 163 164 165 166 167 168 169 170 171 172 173 174 175 176 177 178 179 180.7200
-1 -2 -3 -4 -5 6 7 8 9 10 -11 12 -13 14 -15 -16 -17 -18 -19 -20 21 22 23 24 25 -26 27 -28 29 -30 -31 -32 -33 -34 -35 36 37 38 39 40 -41 42 -43 44 -45 -46 -47 -48 -49 -50 51 52 53 54 55 -56 57 -58 59 -60.7260
61 62 63 64 65 66 67 68 69 70 71 72 73 74 75 76 77 78 79 80 81 82 83 84 85 86 87 88 89 90 91 92 93 94 95 96 97 98 99 100 101 102 103 104 105 106 107 108 109 110 111 112 113 114 115 116 117 118 119 120.7320
-121 -122 -123 -124 -125 -126 -127 -128 -129 -130 -131 -132 -133 -134 -135 -136 -137 -138 -139 -140 -141 -142 -143 -144 -145 -146 -147 -148 -149 -150 151 152 153 154 155 156 157 158 159 160 161 162 163 164 165 166 167 168 169 170 171 172 173 174 175 176 177 178 179 180.7380
-1 -2 -3 -4 -5 6 7 8 9 10 -11 12 -13 14 -15 -16 -17 -18 -19 -20 21 22 23 24 25 -26 27 -28 29 -30 -31 -32 -33 -34 -35 36 37 38 39 40 -41 42 -43 44 -45 -46 -47 -48 -49 -50 51 52 53 54 55 -56 57 -58 59 -60.7440
61 62 63 64 65 66 67 68 69 70 71 72 73 74 75 76 77 78 79 80 81 82 83 84 85 86 87 88 89 90 91 92 93 94 95 96 97 98 99 100 101 102 103 104 105 106 107 108 109 110 111 112 113 114 115 116 117 118 119 120.7500
-121 -122 -123 -124 -125 -126 -127 -128 -129 -130 -131 -132 -133 -134 -135 -136 -137 -138 -139 -140 -141 -142 -143 -144 -145 -146 -147 -148 -149 -150 151 152 153 154 155 156 157 158 159 160 161 162 163 164 165 166 167 168 169 170 171 172 173 174 175 176 177 178 179 180.7560
-1 -2 -3 -4 -5 6 7 8 9 10 -11 12 -13 14 -15 -16 -17 -18 -19 -20 21 22 23 24 25 -26 27 -28 29 -30 -31 -32 -33 -34 -35 36 37 38 39 40 -41 42 -43 44 -45 -46 -47 -48 -49 -50 51 52 53 54 55 -56 57 -58 59 -60.7620
61 62 63 64 65 66 67 68 69 70 71 72 73 74 75 76 77 78 79 80 81 82 83 84 85 86 87 88 89 90 91 92 93 94 95 96 97 98 99 100 101 102 103 104 105 106 107 108 109 110 111 112 113 114 115 116 117 118 119 120.7680
-121 -122 -123 -124 -125 -126 -127 -128 -129 -130 -131 -132 -133 -134 -135 -136 -137 -138 -139 -140 -141 -142 -143 -144 -145 -146 -147 -148 -149 -150 151 152 153 154 155 156 157 158 159 160 161 162 163 164 165 166 167 168 169 170 171 172 173 174 175 176 177 178 179 180.7740
-1 -2 -3 -4 -5 6 7 8 9 10 -11 12 -13 14 -15 -16 -17 -18 -19 -20 21 22 23 24 25 -26 27 -28 29 -30 -31 -32 -33 -34 -35 36 37 38 39 40 -41 42 -43 44 -45 -46 -47 -48 -49 -50 51 52 53 54 55 -56 57 -58 59 -60.7800
61 62 63 64 65 66 67 68 69 70 71 72 73 74 75 76 77 78 79 80 81 82 83 84 85 86 87 88 89 90 91 92 93 94 95 96 97 98 99 100 101 102 103 104 105 106 107 108 109 110 111 112 113 114 115 116 117 118 119 120.7860
-121 -122 -123 -124 -125 -126 -127 -128 -129 -130 -131 -132 -133 -134 -135 -136 -137 -138 -139 -140 -141 -142 -143 -144 -145 -146 -147 -148 -149 -150 151 152 153 154 155 156 157 158 159 160 161 162 163 164 165 166 167 168 169 170 171 172 173 174 175 176 177 178 179 180.7920
-1 -2 -3 -4 -5 6 7 8 9 10 -11 12 -13 14 -15 -16 -17 -18 -19 -20 21 22 23 24 25 -26 27 -28 29 -30 -31 -32 -33 -34 -35 36 37 38 39 40 -41 42 -43 44 -45 -46 -47 -48 -49 -50 51 52 53 54 55 -56 57 -58 59 -60.7980
618160 62 63 64 65 66 67 68 69 70 71 72 73 74 75 76 77 78 79 80 81 82 83 84 85 86 87 88 89 90 91 92 93 94 95 96 97 98 99 100 101 102 103 104 105 106 107 108 109 110 111 112 113 114 115 116 117 118 119 120.8040
-121 -122 -123 -124 -125 -126 -127 -128 -129 -130 -131 -132 -133 -134 -135 -136 -137 -138 -139 -140 -141 -142 -143 -144 -145 -146 -147 -148 -149 -150 151 152 153 154 155 156 157 158 159 160 161 162 163 164 165 166 167 168 169 170 171 172 173 174 175 176 177 178 179 180.8100
-1 -2 -3 -4 -5 6 7 8 9 10 -11 12 -13 14 -15 -16 -17 -18 -19 -20 21 22 23 24 25 -26 27 -28 29 -30 -31 -32 -33 -34 -35 36 37 38 39 40 -41 42 -43 44 -45 -46 -47 -48 -49 -50 51 52 53 54 55 -56 57 -58 59 -60.8160
61 62 63 64 65 66 67 68 69 70 71 72 73 74 75 76 77 78 79 80 81 82 83 84 85 86 87 88 89 90 91 92 93 94 95 96 97 98 99 100 101 102 103 104 105 106 107 108 109 110 111 112 113 114 115 116 117 118 119 120.8220
-121 -122 -123 -124 -125 -126 -127 -128 -129 -130 -131 -132 -133 -134 -135 -136 -137 -138 -139 -140 -141 -142 -143 -144 -145 -146 -147 -148 -149 -150 151 152 153 154 155 156 157 158 159 160 161 162 163 164 165 166 167 168 169 170 171 172 173 174 175 176 177 178 179 180.8280
-1 -2 -3 -4 -5 6 7 8 9 10 -11 12 -13 14 -15 -16 -17 -18 -19 -20 21 22 23 24 25 -26 27 -28 29 -30 -31 -32 -33 -34 -35 36 37 38 39 40 -41 42 -43 44 -45 -46 -47 -48 -49 -50 51 52 53 54 55 -56 57 -58 59 -60.8340
61 62 63 64 65 66 67 68 69 70 71 72 73 74 75 76 77 78 79 80 81 82 83 84 85 86 87 88 89 90 91 92 93 94 95 96 97 98 99 100 101 102 103 104 105 106 107 108 109 110 111 112 113 114 115 116 117 118 119 120.8400
